Konwersja wspó³rzêdnych geodezyjnych \ Aleksandra Skolimowska
       fi          |          lam            |          h 
52.09727221939943  |  21.03153333279777 |   141.3986519537866 
52.09727216209734  |  21.031533144230153 |   141.3998140823096 
52.097272121358024  |  21.031532955662534 |   141.40334337577224 
52.09727208613965  |  21.031532767094923 |   141.40766172111034 
52.09727208702244  |  21.031533228061544 |   141.41011992376298 
52.09727211992133  |  21.031533177762707 |   141.40220049768686 
52.09727207001826  |  21.03153299757823 |   141.406523658894 
52.09727206162435  |  21.031532805864288 |   141.41105284914374 
52.09727212011668  |  21.0315332542456 |   141.40725293010473 
52.09727213648412  |  21.031533177762707 |   141.4045676626265 
52.09727210187116  |  21.03153332234535 |   141.4075662214309 
52.097272154144825  |  21.031533182999517 |   141.40557237435132 
        X          |         Y          |         Z 
3664940.499994015  |  1409153.5899976986 |   5009571.170004904 
3664940.5099940146  |  1409153.5799976988 |   5009571.167004904 
3664940.519994016  |  1409153.5699976992 |   5009571.167004903 
3664940.5299940147  |  1409153.559997699 |   5009571.168004903 
3664940.519994015  |  1409153.589997699 |   5009571.170004903 
3664940.5139940158  |  1409153.5839976992 |   5009571.166004903 
3664940.5249940157  |  1409153.5749976991 |   5009571.166004903 
3664940.532994015  |  1409153.563997699 |   5009571.169004902 
3664940.5149940155  |  1409153.5899976988 |   5009571.170004902 
3664940.513994015  |  1409153.5839976987 |   5009571.169004903 
3664940.5149940155  |  1409153.5949976991 |   5009571.169004902 
3664940.512994015  |  1409153.5839976987 |   5009571.1710049035 
     x92      |       y92 
472071.341  |  639114.491 
472071.334  |  639114.478 
472071.329  |  639114.465 
472071.325  |  639114.453 
472071.326  |  639114.484 
472071.33  |  639114.481 
472071.324  |  639114.468 
472071.323  |  639114.455 
472071.33  |  639114.486 
472071.332  |  639114.481 
472071.328  |  639114.491 
472071.334  |  639114.481 
     x00      |       y00  
5773722.721  |  7502160.783 
5773722.715  |  7502160.77 
5773722.71  |  7502160.757 
5773722.706  |  7502160.744 
5773722.706  |  7502160.776 
5773722.71  |  7502160.773 
5773722.704  |  7502160.76 
5773722.703  |  7502160.747 
5773722.71  |  7502160.778 
5773722.712  |  7502160.773 
5773722.708  |  7502160.783 
5773722.714  |  7502160.773 
        N           |           E           |          U  
2031849.2268773045  |  -1154055.701345046 |   741780.6689889771 
2031848.7167034873  |  -1154055.8456352104 |   741780.3097697143 
2031848.1975413347  |  -1154055.9899253317 |   741779.996994735 
2031847.6753830262  |  -1154056.1342154038 |   741779.6997012409 
2031849.0060858997  |  -1154055.7860370402 |   741780.1904563227 
2031848.8390478343  |  -1154055.821795945 |   741780.2279852012 
2031848.349722743  |  -1154055.960126259 |   741779.8986345462 
2031847.8027747918  |  -1154056.1061415586 |   741779.6728062725 
2031849.0612837556  |  -1154055.764864045 |   741780.3100894504 
2031848.8300595821  |  -1154055.821795945 |   741780.2744295013 
2031849.26866301  |  -1154055.7138919563 |   741780.3313623487 
2031848.8351069866  |  -1154055.817561347 |   741780.3293189725 
       2D         |         3D  
3926512.792383356  |  6365006.364179482 
3926512.7981283693  |  6365006.365362381 
3926512.803873383  |  6365006.368906425 
3926512.809618396  |  6365006.373237519 
3926512.811051017  |  6365006.375695387 
3926512.8032974284  |  6365006.367764076 
3926512.8103347067  |  6365006.372105307 
3926512.8138540722  |  6365006.376637517 
3926512.806384102  |  6365006.372816411 
3926512.8032974284  |  6365006.370125222 
3926512.80817851  |  6365006.3731363155 
3926512.802364045  |  6365006.371123524 
       Azymut        |        Elewacja  
330.40416392173097  |  17.611800507341638 
330.4041546672696  |  17.611795138639 
330.4041453039594  |  17.611790859749053 
330.4041359043643  |  17.611786944130525 
330.4041594423031  |  17.611790909775767 
330.4041566571034  |  17.6117926478962 
330.40414778218167  |  17.61178783714024 
330.4041380456068  |  17.611785659810007 
330.40416056216014  |  17.611793309166618 
330.4041565482575  |  17.611793737710823 
330.4041641602381  |  17.611792685948323 
330.40415669966507  |  17.611794944131603 
Konwersja wspó³rzêdnych geodezyjnych \ Aleksandra Skolimowska
